species	MGG_00680T0	MGG_00739T0	MGG_01676T0	MGG_01804T0	MGG_02741T0	MGG_03265T0	MGG_03704T0	MGG_05325T0	MGG_06313T0	MGG_06570T0	MGG_06881T0	MGG_07252T0	MGG_08573T0	MGG_08804T0	MGG_08829T0	MGG_09505T0	MGG_09536T0	MGG_09885T0	MGG_10195T0	MGG_10820T0	MGG_14293T0	YAL043C	YDR195W	YDR228C	YDR301W	YER133W	YGL044C	YJR093C	YKL059C	YKR002W	YLR115W	YLR277C	YMR061W	YNL222W	YNL317W	YOL123W	YOR250C	YPR107C	
Ashbya_gossypii	9e-54	5e-49	NO	0.0	NO	2e-55	2e-61	1e-11	2e-164	1e-40	5e-11	6e-21	1e-22	6e-50	3e-33	4e-35	5e-79	5e-23	2e-125	1e-30	5e-10	0.0	3e-83	0.0	0.0	7e-126	9e-07	4e-43	1e-159	0.0	2e-09	3e-08	0.0	2e-120	7e-11	1e-10	3e-148	9e-125	
Aspergillus_flavus	5e-63	2e-152	9e-153	0.0	2e-55	9e-08	2e-119	2e-21	1e-13	3e-12	2e-11	4e-23	3e-130	5e-73	1e-40	4e-25	2e-19	8e-45	7e-35	0.0	1e-25	8e-21	NO	1e-21	1e-18	8e-36	8e-16	5e-10	2e-29	1e-21	3e-12	0.0	5e-75	1e-56	2e-21	1e-10	3e-42	6e-46	
Aspergillus_fumigatus	5e-07	0.0	7e-150	1e-05	7e-48	9e-07	4e-118	6e-22	0.0	1e-12	1e-10	1e-05	4e-130	3e-77	4e-41	3e-21	4e-11	4e-12	4e-38	1e-135	2e-29	NO	NO	1e-21	2e-97	9e-38	4e-15	4e-10	2e-82	1e-178	2e-25	0.0	1e-79	7e-58	1e-21	1e-10	1e-31	2e-46	
Aspergillus_nidulans	1e-64	0.0	1e-128	4e-09	5e-53	3e-06	3e-108	8e-22	0.0	2e-13	3e-11	1e-05	1e-140	2e-77	3e-41	6e-26	3e-170	4e-11	2e-36	0.0	9e-27	3e-21	NO	2e-21	1e-85	2e-35	4e-15	5e-10	8e-84	0.0	1e-24	7e-08	8e-73	2e-61	1e-22	8e-11	1e-33	9e-46	
Aspergillus_niger	1e-60	0.0	3e-151	2e-10	2e-51	7e-08	1e-114	1e-10	2e-12	7e-12	2e-11	1e-05	2e-133	2e-82	5e-43	4e-26	6e-163	1e-10	1e-136	0.0	5e-25	9e-24	NO	1e-21	3e-85	1e-128	3e-20	2e-10	3e-78	1e-06	6e-28	4e-13	3e-73	6e-61	5e-11	2e-11	9e-50	5e-48	
Aspergillus_terreus	2e-66	0.0	1e-94	3e-07	9e-59	1e-07	1e-88	1e-20	5e-14	2e-12	1e-10	2e-47	1e-142	1e-81	3e-42	1e-24	2e-175	1e-10	1e-27	8e-50	6e-22	5e-21	NO	1e-21	1e-29	6e-29	9e-06	7e-10	2e-83	3e-17	8e-26	2e-08	3e-73	4e-46	2e-23	3e-12	7e-42	8e-46	
Blumeria_graminis	8e-10	0.0	2e-60	8e-12	1e-68	7e-06	5e-139	8e-12	0.0	2e-12	7e-11	6e-11	9e-74	1e-112	5e-33	1e-28	0.0	2e-12	3e-50	0.0	4e-61	1e-21	NO	5e-23	3e-95	3e-50	2e-26	2e-11	1e-77	6e-162	2e-40	4e-10	2e-61	9e-56	9e-11	7e-11	5e-49	2e-08	
Botryotinia_fuckeliana	2e-07	0.0	7e-162	1e-16	2e-61	1e-05	3e-140	1e-10	0.0	7e-12	3e-14	1e-05	1e-163	2e-117	6e-41	6e-28	0.0	8e-11	6e-27	0.0	2e-45	2e-13	NO	6e-23	1e-90	3e-28	1e-05	1e-13	4e-85	2e-178	2e-26	3e-12	2e-45	1e-61	7e-11	4e-11	2e-54	1e-47	
Gaeumannomyces_graminis	2e-119	0.0	0.0	1e-11	3e-84	0.0	3e-154	3e-11	1e-09	4e-11	4e-12	7e-06	2e-134	0.0	1e-43	1e-22	0.0	3e-11	5e-39	0.0	4e-74	6e-12	NO	4e-22	1e-69	3e-37	4e-21	8e-09	6e-85	2e-17	3e-27	5e-11	2e-60	6e-60	1e-29	2e-12	2e-35	1e-49	
Gibberella_moniliformis	2e-91	0.0	2e-175	2e-40	4e-55	0.0	3e-144	4e-11	0.0	1e-12	1e-10	1e-05	5e-118	2e-155	8e-21	9e-26	9e-11	8e-11	5e-22	0.0	7e-43	2e-18	NO	5e-24	1e-87	1e-21	7e-26	2e-09	2e-86	4e-162	1e-25	1e-25	1e-57	2e-60	4e-11	3e-11	3e-55	2e-56	
Gibberella_zeae	4e-06	0.0	2e-173	4e-12	3e-61	1e-05	7e-146	4e-11	7e-07	1e-13	8e-12	2e-06	2e-155	8e-156	1e-41	9e-24	3e-10	2e-11	8e-41	1e-25	4e-46	NO	NO	1e-23	1e-90	2e-38	9e-27	1e-11	2e-90	8e-13	2e-25	4e-12	2e-57	2e-61	4e-11	2e-11	1e-52	5e-57	
Glomerella_graminicola	1e-85	0.0	4e-177	2e-08	6e-71	0.0	6e-129	1e-10	2e-09	5e-15	1e-10	4e-07	0.0	4e-152	1e-20	1e-25	0.0	8e-115	9e-39	0.0	2e-59	7e-18	NO	2e-15	2e-76	2e-37	2e-31	8e-10	3e-82	2e-11	9e-25	2e-10	1e-51	8e-58	1e-10	5e-11	1e-59	1e-06	
Leptosphaeria_maculans	2e-68	0.0	5e-160	3e-10	7e-45	3e-07	2e-122	1e-11	3e-13	9e-09	7e-11	5e-48	6e-101	7e-91	1e-32	3e-23	5e-104	2e-11	7e-38	6e-170	9e-13	1e-36	NO	8e-21	7e-83	5e-38	2e-15	5e-06	1e-61	4e-13	1e-33	1e-16	1e-42	2e-55	5e-11	4e-11	4e-50	2e-06	
Magnaporthe_oryzae	0.0	0.0	0.0	6e-12	0.0	3e-06	0.0	1e-11	5e-11	3e-09	4e-14	4e-139	0.0	0.0	1e-22	5e-22	0.0	8e-11	3e-38	0.0	0.0	8e-12	NO	8e-23	1e-77	8e-37	2e-27	1e-08	1e-81	2e-15	7e-24	2e-10	2e-66	5e-62	7e-11	7e-11	2e-49	1e-07	
Magnaporthe_poae	4e-124	2e-07	0.0	7e-10	6e-82	0.0	8e-155	3e-11	0.0	3e-10	6e-13	6e-07	3e-74	8e-79	3e-41	8e-27	0.0	3e-22	3e-38	0.0	5e-67	2e-11	NO	7e-12	7e-63	5e-37	6e-12	1e-08	9e-87	1e-153	7e-25	1e-09	3e-64	5e-60	4e-25	9e-40	2e-08	6e-49	
Melampsora_laricipopulina	7e-41	6e-70	5e-105	0.0	4e-14	2e-93	4e-63	4e-11	5e-137	5e-30	6e-27	8e-06	1e-14	1e-39	1e-21	3e-33	4e-85	2e-45	2e-42	5e-14	2e-06	NO	NO	1e-10	3e-43	5e-43	3e-14	1e-06	7e-65	3e-12	NO	0.0	2e-68	1e-62	1e-10	5e-21	2e-25	1e-37	
Microbotryum_violaceum	2e-44	3e-50	8e-78	3e-08	2e-11	7e-86	2e-67	9e-11	2e-146	3e-36	2e-50	1e-10	8e-11	1e-35	8e-21	1e-23	6e-83	3e-12	4e-46	1e-37	3e-08	3e-15	NO	2e-06	7e-47	7e-47	4e-21	2e-09	1e-40	0.0	NO	7e-179	6e-66	1e-69	7e-11	2e-41	9e-37	3e-45	
Neosartorya_fischeri	5e-07	0.0	2e-150	1e-05	3e-50	4e-07	7e-118	9e-12	0.0	8e-13	1e-10	1e-05	1e-133	6e-83	3e-46	2e-25	5e-12	1e-11	1e-38	0.0	4e-29	4e-10	NO	4e-23	3e-95	6e-38	6e-15	7e-10	4e-84	0.0	5e-25	0.0	7e-79	8e-58	9e-23	1e-10	1e-35	3e-46	
Neurospora_crassa	3e-93	0.0	1e-176	1e-14	7e-57	0.0	4e-143	1e-10	0.0	4e-12	3e-12	6e-06	1e-74	1e-117	9e-21	3e-25	0.0	1e-10	1e-144	3e-101	9e-43	1e-18	NO	2e-19	5e-82	4e-140	8e-28	3e-12	5e-73	2e-150	3e-34	2e-10	4e-64	2e-62	8e-11	2e-11	2e-32	3e-53	
Phaeosphaeria_nodorum	3e-08	0.0	1e-151	2e-10	4e-43	0.0	2e-115	1e-14	6e-137	0.0	4e-13	1e-05	4e-56	4e-92	3e-34	2e-28	NO	5e-11	8e-38	6e-157	NO	1e-05	NO	6e-22	2e-74	8e-38	1e-11	NO	4e-65	9e-12	9e-29	2e-11	4e-51	1e-51	9e-21	3e-46	3e-52	2e-39	
Puccinia_graminis	3e-37	1e-43	4e-105	0.0	NO	1e-107	5e-65	1e-10	2e-138	2e-24	1e-10	2e-06	3e-11	3e-41	9e-21	5e-43	3e-69	5e-42	4e-40	4e-38	3e-07	4e-10	NO	2e-11	2e-39	9e-41	3e-16	3e-07	1e-60	6e-180	6e-15	0.0	4e-74	3e-66	9e-11	2e-38	3e-24	4e-36	
Puccinia_triticina	4e-39	5e-35	1e-103	0.0	NO	4e-107	2e-22	9e-11	4e-139	1e-26	4e-12	6e-06	9e-11	NO	1e-22	1e-44	2e-25	6e-11	1e-39	5e-16	2e-07	6e-08	NO	2e-06	3e-32	4e-40	4e-06	1e-07	7e-13	1e-180	1e-14	1e-180	4e-75	1e-29	2e-11	2e-42	NO	5e-35	
Pyrenophora_teres	8e-70	0.0	5e-156	3e-12	4e-37	7e-07	7e-124	2e-11	8e-142	8e-09	1e-10	4e-06	8e-111	4e-86	9e-38	1e-27	7e-99	3e-12	2e-37	0.0	2e-16	5e-12	NO	4e-22	5e-79	1e-37	1e-11	7e-08	6e-64	2e-142	5e-27	1e-16	6e-46	5e-55	3e-22	3e-11	1e-54	4e-50	
Pyrenophora_triticirepentis	2e-69	0.0	2e-139	2e-12	1e-41	5e-06	3e-124	2e-11	3e-155	1e-08	1e-10	3e-08	4e-111	4e-95	3e-41	2e-24	4e-99	7e-11	5e-27	1e-178	6e-12	1e-29	NO	2e-22	2e-79	2e-28	1e-11	2e-08	1e-65	6e-145	1e-41	1e-16	3e-45	3e-55	3e-21	1e-43	7e-58	4e-50	
Saccharomyces_cerevisiae	3e-51	1e-77	NO	0.0	NO	4e-66	7e-62	1e-10	2e-159	1e-25	7e-11	1e-25	5e-23	2e-49	3e-33	3e-31	6e-83	2e-23	5e-129	6e-12	5e-09	0.0	0.0	0.0	0.0	2e-128	1e-05	0.0	0.0	0.0	2e-07	1e-29	0.0	1e-153	1e-10	1e-11	NO	1e-152	
Schizosaccharomyces_cryophilus	9e-40	2e-163	NO	9e-23	NO	3e-06	5e-75	5e-11	2e-175	4e-06	2e-15	3e-12	2e-77	2e-54	7e-32	4e-28	8e-106	2e-37	4e-141	1e-76	1e-19	3e-26	NO	2e-55	2e-36	2e-139	5e-13	2e-16	1e-94	0.0	3e-35	1e-22	8e-82	5e-76	1e-10	2e-11	1e-57	6e-36	
Schizosaccharomyces_japonicus	1e-38	1e-169	NO	2e-23	NO	5e-97	3e-70	3e-11	5e-177	2e-08	3e-15	2e-12	3e-60	7e-60	6e-34	8e-13	3e-102	5e-40	2e-140	1e-88	2e-17	2e-22	NO	8e-24	6e-41	1e-137	9e-21	1e-20	1e-88	0.0	1e-05	5e-24	1e-85	1e-79	1e-10	8e-12	4e-53	1e-35	
Schizosaccharomyces_octosporus	2e-39	3e-164	NO	7e-21	NO	1e-05	3e-75	1e-10	4e-172	2e-07	2e-15	1e-10	4e-75	3e-56	4e-31	4e-43	7e-104	1e-37	3e-140	8e-74	6e-19	5e-27	NO	3e-51	1e-36	2e-138	2e-13	1e-16	1e-95	0.0	1e-33	7e-20	6e-83	6e-75	3e-11	4e-16	6e-57	1e-36	
Schizosaccharomyces_pombe	3e-40	4e-69	NO	3e-20	NO	1e-05	3e-71	9e-11	2e-178	3e-07	2e-12	1e-10	2e-77	7e-60	2e-31	1e-28	5e-103	1e-35	3e-142	1e-66	6e-18	3e-22	NO	3e-25	6e-37	1e-140	2e-22	1e-17	2e-99	0.0	5e-10	5e-23	3e-84	8e-74	7e-11	1e-11	2e-51	2e-36	
Sclerotinia_sclerotiorum	2e-71	0.0	NO	8e-17	4e-58	1e-05	1e-134	8e-11	0.0	1e-12	7e-11	6e-07	1e-63	3e-09	1e-40	4e-28	0.0	3e-12	5e-39	2e-35	7e-46	2e-19	NO	6e-38	7e-90	2e-37	6e-06	4e-13	2e-82	4e-177	2e-38	1e-12	NO	9e-59	5e-21	1e-10	7e-21	4e-51	
Sporisorium_reilianum	3e-48	5e-24	3e-98	2e-22	2e-17	2e-91	1e-60	2e-22	4e-146	9e-31	1e-10	5e-06	9e-22	8e-26	1e-20	1e-25	1e-96	7e-23	3e-41	1e-23	NO	2e-06	NO	6e-21	1e-25	1e-41	6e-18	7e-09	2e-67	0.0	9e-17	8e-18	1e-63	3e-67	5e-11	6e-49	1e-24	3e-44	
Trichoderma_reesei	1e-06	0.0	9e-173	2e-12	4e-43	0.0	2e-138	1e-10	2e-07	8e-11	1e-12	8e-07	1e-144	3e-165	2e-41	3e-25	3e-11	5e-16	4e-142	0.0	2e-45	5e-16	NO	9e-25	3e-81	2e-140	4e-24	3e-10	5e-87	2e-12	2e-27	2e-11	1e-60	2e-55	1e-10	3e-11	1e-56	3e-08	
Trichoderma_virens	5e-06	0.0	2e-172	3e-12	9e-36	0.0	4e-139	2e-22	7e-07	1e-11	2e-11	3e-07	2e-163	1e-152	3e-41	6e-25	7e-12	3e-13	5e-38	0.0	5e-49	6e-17	NO	2e-23	7e-87	2e-37	5e-27	3e-10	2e-86	2e-12	2e-26	4e-10	3e-60	4e-56	8e-23	4e-11	5e-50	1e-07	
Tuber_melanosporum	3e-08	0.0	1e-151	1e-14	8e-50	2e-07	1e-96	1e-10	1e-17	2e-11	4e-13	2e-11	1e-92	6e-100	3e-34	2e-26	6e-143	1e-50	5e-143	2e-145	1e-23	7e-10	NO	1e-20	1e-115	3e-139	5e-25	8e-15	1e-92	1e-20	3e-29	3e-11	7e-73	1e-62	4e-21	5e-11	5e-61	3e-49	
Ustilago_maydis	3e-48	1e-31	2e-81	4e-24	5e-17	4e-94	NO	4e-11	1e-148	7e-34	6e-11	4e-06	2e-22	1e-25	9e-21	3e-24	3e-94	1e-29	7e-41	7e-25	2e-06	4e-06	NO	1e-23	9e-23	3e-41	3e-18	7e-09	7e-68	0.0	2e-18	8e-20	5e-65	NO	1e-10	2e-48	2e-25	3e-44	
Verticillium_dahliae	4e-06	0.0	7e-174	2e-12	6e-57	6e-32	2e-132	1e-10	0.0	5e-14	1e-10	6e-06	8e-77	9e-145	1e-21	6e-25	0.0	4e-11	1e-49	0.0	7e-46	1e-15	NO	6e-19	3e-70	1e-50	3e-28	8e-11	3e-86	4e-175	1e-30	3e-09	3e-46	8e-60	4e-11	1e-32	2e-62	7e-47	
Yarrowia_lipolytica	1e-54	1e-119	9e-87	1e-12	1e-16	6e-105	1e-68	1e-10	2e-162	2e-12	3e-12	4e-45	4e-25	6e-53	1e-20	4e-50	5e-91	1e-39	4e-140	3e-33	7e-15	2e-21	NO	4e-31	4e-123	4e-140	4e-37	4e-17	9e-90	0.0	7e-57	2e-11	1e-81	6e-83	6e-11	4e-12	9e-56	1e-68	
Zymoseptoria_tritici	3e-31	0.0	1e-131	3e-15	1e-22	3e-09	1e-130	1e-10	4e-150	4e-11	2e-12	2e-12	5e-88	9e-74	3e-31	9e-26	8e-112	3e-11	2e-37	5e-159	4e-17	9e-20	NO	4e-38	1e-88	4e-36	6e-24	6e-08	5e-63	9e-140	2e-26	3e-11	2e-49	4e-58	1e-10	2e-12	1e-43	7e-31	
